&SETUP
 numatm = 6,
 atmgrb = 'z','t','u','v','w','r',
 atmcat =      129 ,   130 ,    131 ,   132 ,   135 ,    157 ,
 atmnum =      129 ,   130 ,    131 ,   132 ,   135 ,    157 ,
 atmcnv =     0.102 ,  1.0 ,   1.0 ,   1.0 ,  0.01,   1.0 ,
 atmarl = 'HGTS','TEMP','UWND','VWND','WWND','RELH',
 numsfc = 14,
 sfcgrb = '2t','10v','10u','tcc','sp','2d','blh','cape','z','tp','sshf','ssrd','slhf','zust',
 sfccat =   167,   166,  165,  164, 134, 168, 159, 59,  129,                               228, 146, 169, 147, 3
 sfcnum =   167,   166,  165,  164, 134, 168, 159, 59,  129,                               228, 146, 169, 147, 3
 sfccnv =   1.0, 1.0, 1.0,  1.0, 0.01 ,1.0, 1.0, 1.0 ,0.102,                               1.0, 0.00028, 0.00028, 0.00028, 1.0
 sfcarl = 'T02M','V10M','U10M','TCLD','PRSS','DP2M','PBLH','CAPE','SHGT','TPP1','SHTF','DSWF','LTHF','USTR',
 numlev = 37
 plev = 1000, 975, 950, 925, 900, 875, 850, 825, 800,                     775, 750, 700, 650, 600, 550, 500, 450,                     400, 350, 300, 250, 225, 200, 175, 150, 125,                     100, 70,  50, 30, 20, 10, 7, 5, 3, 2, 1 
/
